2;0 2;1 2;2 1;0 1;1 1;2 0;0 0;1 0;2 2;7 1;7 0;7 0;3 1;3 2;3 0;6 0;5 0;4 1;6 1;5 1;4 2;6 2;5 2;4
		O--------------O--------------O
		|	       |	      |
		|  O-----------O-----------O  |
		|  |	       |	   |  |
		|  |  O--------O--------O  |  |
		|  |  |			|  |  |
		|  |  |			|  |  |
		|  |  |			|  |  |
		O--O--O			O--O--O
		|  |  |			|  |  |
		|  |  |			|  |  |
		|  |  |			|  |  |
		|  |  O--------O--------O  |  |
		|  |	       |	   |  |
		|  O-----------O-----------O  |
		|	       |	      |
		O--------------O--------------O